cables:
  attachmentpoints: [0., 0, 0., 0., 0., 0., 0., 0., 0., 0., 0., 0.]
  lengths: [0.5, 0.5, 0.5, 0.5]
  max: [6.28, 1.57, 6.28, 1.57, 6.28, 1.57, 6.28, 1.57]
  min: [0, 0, 0, 0, 0, 0, 0, 0]
environment:
  max: [4, 1.0, 1]
  min: [-0.6, -1.0, -0.1]
  obstacles:
    - center: [1.9800474382204585, 0.7785061549784258, 0.0]
      size: [0.05, 0.05, 3.0]
      type: box
    - center: [0.885318483289499, 1.0672275861236382, 0.0]
      size: [0.05, 0.05, 3.0]
      type: box
    - center: [1.5711363711745956, -1.1580661940696333, 0.0]
      size: [0.05, 0.05, 3.0]
      type: box
    - center: [0.492185616212488, -0.9134411360728754, 0.0]
      size: [0.05, 0.05, 3.0]
      type: box
    - center: [1.8408492101471903, -0.309308514364087, 0.0]
      size: [0.05, 0.05, 3.0]
      type: box
    - center: [0.3165460727812902, 0.05111708503745427, 0.0]
      size: [0.05, 0.05, 3.0]
      type: box
    - center: [2.9603769900694394, -1.016167817331463, 0.0]
      size: [0.05, 0.05, 3.0]
      type: box
    - center: [2.603587254615807, 0.11674218896086619, 0.0]
      size: [0.05, 0.05, 3.0]
      type: box
    - center: [1.1281389248861409, 0.12228255785633801, 0.0]
      size: [0.05, 0.05, 3.0]
      type: box
    - center: [2.8540223437028804, 1.0161081610945735, 0.0]
      size: [0.05, 0.05, 3.0]
      type: box
    - center: [0.005908240563354372, 1.0430705830633775, 0.0]
      size: [0.05, 0.05, 3.0]
      type: box

interpolate: 1000
numofcables: 4
payload:
  goal: [3.5, 0.0, 0.0, 0.0, 0.0, 0.0, 1.0, 0.0, 1.2, 5.0, 1.2, 3.14, 1.2, 4.0, 1.2]
  shape:
    size: 0.01
    type: sphere
  start: [-0.5, 0.0, 0.0, 0.0, 0.0, 0.0, 1.0, 0.0, 1.1, 1.57, 1.1, 3.14, 1.1, 4.71, 1.1]
plannerType: rrtstar
timelimit: 300.0
