plannerType: 'rrtstar'
timelimit: 300.0
numofcables: 2
interpolate: 1000
environment:
  max: [4, 1.0, 1]
  min: [-0.6, -1.0, -0.1]
  obstacles:
    - center: [1.9800474382204585, 0.7785061549784258, 0.0]
      size: [0.15, 0.15, 3.0]
      type: box
    - center: [0.885318483289499, 1.0672275861236382, 0.0]
      size: [0.15, 0.15, 3.0]
      type: box
    - center: [1.5711363711745956, -1.1580661940696333, 0.0]
      size: [0.15, 0.15, 3.0]
      type: box
    - center: [0.492185616212488, -0.9134411360728754, 0.0]
      size: [0.15, 0.15, 3.0]
      type: box
    - center: [1.8408492101471903, -0.309308514364087, 0.0]
      size: [0.15, 0.15, 3.0]
      type: box
    - center: [0.3165460727812902, 0.05111708503745427, 0.0]
      size: [0.15, 0.15, 3.0]
      type: box
    - center: [2.9603769900694394, -1.016167817331463, 0.0]
      size: [0.15, 0.15, 3.0]
      type: box
    - center: [2.603587254615807, 0.11674218896086619, 0.0]
      size: [0.15, 0.15, 3.0]
      type: box
    - center: [1.1281389248861409, 0.12228255785633801, 0.0]
      size: [0.15, 0.15, 3.0]
      type: box
    - center: [2.8540223437028804, 1.0161081610945735, 0.0]
      size: [0.15, 0.15, 3.0]
      type: box
    - center: [0.005908240563354372, 1.0430705830633775, 0.0]
      size: [0.15, 0.15, 3.0]
      type: box


payload:
  start: [-0.5, 0,  0, 0, 0, 0, 1, 1.57, 1.0, 4.71, 1.0] # [xi, yi, zi, qwi,qxi,qyi,qzi, az1_i, elv1_i,...azn_i, elvn_i] : initial azimuth(s) and elevation(s)
  goal:  [3.5,  0,  0, 0, 0, 0, 1, 1.57, 1.0, 4.71, 1.0] # [xi, yi, zi, qwi,qxi,qyi,qzi, az1_i, elv1_i,...azn_i, elvn_i] : initial azimuth(s) and elevation(s)
  shape:
    type: sphere
    size: 0.01 # radius
cables: 
  lengths: [0.5, 0.5]
  attachmentpoints: [0., 0, 0., 0., 0., 0.]
  min: [0,  0, 0, 0] # minimum az_i, elv_i for each ith cable 
  max: [6.28, 1.57, 6.28, 1.57] # maximum az_i, elv_i for each ith cable  
