plannerType: 1 # 0: RRTconnect, 1: RRTStar
timelimit: 15
environment:
  min: [0.0, 0.0, 0.0]
  max: [6.0, 6.0, 6.0]
payload:
  start: [0,0,0,1,0,0,0] # [xi, yi, zi, qwi,qxi,qyi,qzi]
  goal : [1,0,0, 0.5253219888177297, 0.8509035245341184, 0, 0] # [xf, yf, zf qwf,qxf,qyf,qzf]